-0.622946152607019 -0.57879556042821
1.09961315820469 1.55006583160866
0.75478521835514 -1.976158807312
-1.1363480109614 -0.0386257960616634
-0.122666273392183 -1.85082517096459
-0.630018555734292 -1.00965567263516
1.41677121562357 0.443055450240604
1.37633271195137 -0.746923718889213
-1.35971326081228 -1.68840645324334
1.64658978300241 0.0216456866625492
1.30908104035685 1.45461155992463
-1.80434104232888 -1.63006437605041
-1.14338424437994 -0.273889679161021
1.10852707626016 -1.31475782793953
1.30700191716643 -1.89761568710995
1.65831735661178 -0.562817125624062
-0.201734698231848 1.19537377538915
0.892392979871058 0.727470857014494
-0.546870721792132 -0.044970816029265
-1.93351191403111 -1.55252086857636
1.23891510983343 -2.02135112188778
-0.740704613671567 -0.325927568780299
-0.511805596157289 0.620785556319533
-1.11231577681063 0.246940561170679
0.609433199005434 -1.17401002316845
0.392140965303937 -0.8107346723463
0.25366524358216 0.677734712731534
0.586819688348911 0.812171104516912
-1.38707851743821 -0.198522380163686
-0.811668678852933 -0.297597037615805
1.53088373569489 -1.78996712231839
-0.309033336254604 -2.08627176650027
-0.629501285485242 0.0226225493033986
1.30699836248625 -0.0852738306630821
-0.109360199835337 -0.77289993036117
-1.36627645806525 -1.12228949177439
1.05841096598646 1.18493947386279
-1.09055959412356 0.651981717214751
-1.27241823169537 -0.020370208715067
1.12137630828705 1.07263297477292
0.170515694427899 -0.712884350956099
0.96550710515137 0.962633250425171
1.50406844251461 -0.141672392198653
0.306243347984794 0.684211005259544
-1.57644306761174 0.15339643012091
-1.28239527221071 -0.629127297619565
-0.69258681580503 0.599254686688555
-0.533205072079663 -1.66131641944698
-0.477757956257595 -0.741942396373616
0.15017543235935 1.12145526727639
0.30776216283858 -0.702529484305736
1.03759548734626 -1.20088470712386
0.284149870602762 -1.94691136316087
-0.835860047270362 -1.47651618926516
0.580670795550945 0.558270598373932
-1.42885476608819 0.0745907488917088
1.05109948711133 0.306746993689316
0.490813839853338 0.870851080365536
-0.146927233922335 0.77949895435793
-0.51180662334399 -0.229664119427011
0.791465042532546 0.20185011814466
-1.35338573813984 -0.727140367503656
-1.23288257388071 -1.02034529633146
0.934561764449912 -0.0952029113750474
-0.0262416182576035 0.536573996431784
-1.11981533525676 -0.0792028221390546
0.439369329904637 -0.513802290504606
0.8952608699827 0.190518106401013
-0.558517996574808 -1.26707087861535
-1.19203273980801 0.193569942202122
1.01168053067977 1.55076206045336
-0.133664454334212 -2.31962529871375
-0.863276951684569 -0.986884108482853
1.3530186655913 -0.125619887235761
0.993898249897268 -0.319464908354235
-1.47537577766853 0.374678137092276
-1.56096697676302 -1.8222213144656
0.543137081947886 0.746263303135156
0.809381429578326 -1.56454443071535
-0.161013096255938 -0.17728726776583
0.761942033839289 0.963696970264105
1.10057118321306 -0.0788675276495081
-1.3638239754878 0.0436023244360192
-0.766407941597603 -0.375765472768045
1.80797166431737 -1.6705147362823
-1.043434453101 -1.25834244067031
-0.375009216910872 0.837122308298586
-1.16089824462759 -1.20124182886656
1.38621466450202 -1.40278945709965
0.077245917962807 -1.37861664560541
0.275803699797793 0.566051625673105
-0.46320017746078 0.788727528339904
-0.527535369700359 -1.18076014614506
0.671825323389777 0.858077848401074
-1.33544040991568 0.0856868833941454
0.417495545289011 -2.5585360283564
-1.37530058507292 0.0695116118115077
-1.48141518307313 -2.13983307586566
1.43046463759459 -1.73864988358031
0.738122899056857 0.733017572131862
-1.13166699697543 0.0390402442515381
0.859270592702614 -0.828933775263875
-0.50768868211197 -1.39127658980961
0.982477393489538 -0.0600034949559408
-1.11789539136491 0.0715127844860043
-1.27103119104426 -0.132037126015113
-0.476647592247182 0.65755593851962
0.805129446350653 -0.90475584775775
-1.6936093738608 -1.5099618989548
0.187133172403544 -1.1555242446475
1.68113872138628 -1.37615099389879
0.622663469722423 -0.737447790596383
1.67601980066478 -1.59328029237669
-0.84376522580689 -1.14797298552887
-0.374455609505637 0.722706302684106
1.40879709954391 -0.0198555578838703
-0.107158026707819 -0.197126695733456
0.643607117322703 0.716308595052673
1.64936065439332 -0.74840872125659
-0.173219272065766 -0.686932300964123
-0.141709582669109 0.410525260635798
-1.1044905810021 0.00417562569443781
0.532644593112656 0.550851761527515
0.00816015747621818 -2.11982301970036
-1.08024605116325 -1.1059452349566
0.138754451959404 -0.668642401388522
-0.333274897992668 0.615216347717595
1.59421248829598 -1.70116391056197
-0.519022819818881 -0.0798178782874015
1.6104749066984 0.0877301422411434
1.39162447238349 -1.19881153314066
0.922005617484912 0.0627495345678615
0.131320700577091 -0.716724311488997
0.27107328368491 -1.05072020470387
0.360573154215905 -0.934960500122696
1.2256965514566 -1.23882538374767
1.07226752480608 -0.197427795657692
0.454201673552861 -0.291849637457004
-1.46901965060933 -0.862962398251576
1.30437420739664 0.104948728344001
-1.44565821508824 -1.37864226023873
0.564040662069468 1.05083520403346
-0.0709314625346833 0.545767434831915
-1.71118680541307 -1.55045875835916
0.287733531524334 0.448797384138547
1.34843419194289 0.981446953561757
-0.983187209102601 -0.0679324629204712
1.26630218431362 -0.148885877906746
1.44639236832664 -2.02025736673192
-0.490071085699436 1.14138079602377
1.017204074889 -0.151818979784698
-0.581817490835039 0.556163755829536
0.253567418059707 -0.325147657765523
-1.09867285976501 -1.70938154207051
1.84449227201632 0.0817474402742865
0.578058470421941 -1.27886253067441
-0.173525407423333 -1.96608022619616
1.15901882275476 -0.947537502112182
-0.304340969901354 -0.111641924594858
-1.10920832684987 -0.578958775837013
-0.837688097544391 -1.23678926604351
1.16041366085701 -0.562071934872733
0.360039359082439 -1.2881855918876
0.624210990987625 0.510542850908984
1.32595035912454 -1.78685103421072
1.68379370774653 -1.35584977653338
-1.65201426386568 -1.8327728572171
1.15911867875676 -0.064236496577558
1.07622750766293 -0.196557277726954
-1.22005161245493 -0.500615561647032
0.43762066806968 1.06209345261498
-0.922223209234933 0.915865422466944
0.334366529220593 -1.26590226058627
0.764161654564101 0.181539576035324
-0.336275829822592 -1.83622510882392
-0.529914284223415 0.623081992507085
-0.641120254314586 0.721525586463531
-0.298290795531571 -0.501712135525232
-1.32796604567005 -0.455066655145712
2.07156688136899 -1.19795918677513
1.48958946706318 -0.108086991412606
1.24410434291744 -1.89427145842756
1.46941375470717 1.27104231788412
1.3119865674836 -0.0168090560505803
1.33040337606967 0.461137695904473
0.514125429833613 1.13584023623588
-1.04439559820677 -0.204036463509182
-0.350467688210419 0.966863132694668
-0.397238583293565 -0.579560911027224
-1.30082768391977 -1.02361917205065
0.257541567249735 0.587373291820533
-1.53900588912538 0.355598117903771
1.5018933018779 -1.44551054517459
-1.48160293485733 -1.60126187642865
0.5624456334445 -0.888732070644615
-0.861925384395236 -1.48130590255465
1.20928464631654 1.0653469012493
1.80655785874177 -0.917912126244794
0.477080326478486 0.715810961019401
1.30386906291013 -0.00973856582059892
0.458646108289922 -1.97660107835586
1.15837502079566 1.51018806550867
-0.134592247729793 -1.39819030556867
0.0982792913592396 0.144458788286048
-0.5973559921127 0.599008316143383
-1.19540166695645 0.204108073247504
0.075767388927963 0.0748285136190971
-1.80765584088637 -1.44686044509586
1.64268869231805 -0.501022696074863
-1.40265064806701 0.411905287979393
1.17680168018064 1.18106471116302
0.312752857994689 0.385272192177737
1.78597032140608 0.176618324538595
-0.304297483979901 1.07780496100473
-1.41517750490435 -1.58417378664153
1.9659485129303 -1.18051335727439
-0.639117935200063 -0.219653703490832
0.463995230889618 -0.828732129697851
-0.572102642192223 -0.800509825942994
0.25450780094842 1.16806464295596
-1.65783165105749 -1.85149365362185
0.434981488833314 -1.70522413423735
1.15012937923188 0.189517919876313
1.6926390826426 -0.975761194947058
0.696193290813144 0.694976886916559
1.47528799495441 -1.23330231173326
-0.251651696165979 -1.58348786302559
0.755843624963805 -0.466380507436765
0.234071245862749 0.520849072296015
-0.826443645340621 -0.59267379313686
-0.864317180650462 -0.626237425498961
0.0929275000975731 -0.61557050582146
-0.587561345924514 -1.5415989390904
0.592894808006081 -0.819851624737669
0.632599573982213 -1.30915332142458
-1.18962531749769 0.2475886310165
0.0386128112180875 -1.07286332381241
1.49537670923655 -0.922671784352647
1.48167602053458 0.480631826489473
-1.25539515467772 -0.0366964485275209
-1.32117304397599 -0.000193544839235115
-0.487813616686444 0.97366566106465
1.00123527026635 0.178808444482545
-0.0365998596165905 -1.63068005428681
1.70023893947386 -1.38208445951389
0.964402312464408 -0.274980556591549
0.263998036177613 0.00219441070247609
0.544040897906503 -1.00667743724353
-0.288160825774324 -0.607792210905203
0.209978823632713 -0.102319958650252
-0.621821423636077 0.723800446032943
0.306788987846527 -1.90152593089323
1.36035615662601 -0.149126264127029
0.88757466323258 -0.652363990668025
1.05604812716985 -1.65973800416113
-1.20691015623253 -0.516712159246379
0.955073804983622 -1.00468752466924
0.954985828491849 0.00630174536197289
1.46211700777105 -1.18872586263096
2.0544822389882 -1.6487680402413
1.41850253553481 0.36790482733976
-0.675051296989449 0.325935454367039
1.55845883221783 0.232522571104394
-0.218472122778414 1.05538446554309
-0.414943147124657 0.812287395935948
0.782462794947684 -1.13256886877593
-1.35819910202663 -0.0674697110268939
-0.355920705705814 0.903496053285958
1.01114028582804 0.191959960118864
0.809023288521975 -1.73992786317124
-0.272259946064647 0.916343932203688
1.42990303376798 -1.86293139030588
1.34687712635339 0.324404750747623
-0.2778429387375 0.792527509657031
1.88622466147827 -1.79765698140447
1.05473670187893 0.164790157956958
-0.181205706601226 0.141934374468358
1.29297988089927 0.204759336828882
1.42427700290959 -1.64061106788327
-1.05446871699286 -0.253222423186349
0.163796684011672 -1.68297420653062
0.0132411854654784 0.44106550421755
-0.116381126053257 1.20587653143479
0.315065431245938 -0.464854788060866
1.52153323307867 -1.04087850809402
-1.05136013224714 -0.18480505328889
0.609713041063305 -1.39388840887426
0.360569308964052 -1.46148833671488
0.198831216728335 -1.76903754559345
1.39063734818845 -2.17358852489851
1.2094297822719 -0.192928469435279
1.78997181111539 -0.250847392693609
-0.8756179023819 1.12560876821826
-1.06348815554901 -0.463247292242361
1.30140717869609 -1.40800476536621
0.660026574282605 0.935385965129364
0.557160096491557 -2.29206986864991
2.03112120730927 -1.5465691280171
-0.347280318993558 0.609446860212689
-0.271612426571065 0.446528095148291
1.15719504132515 -1.32798569027911
-0.755355438129577 0.588971345282944
1.38516187041193 0.119132317565205
-1.34484910646256 -1.75576465283393
0.235800635049146 0.129253194151972
-0.266243889426909 0.273357854268924
1.18218610255359 -1.3096152712851
1.72771451497406 -1.67389412644437
1.40494245637318 0.305677712539319
1.38888242393074 0.320072067670334
1.38370422131033 -1.39242903934582
0.216334548414876 -0.812260682968383
1.37718873021273 -0.486054889724169
1.1957442426452 1.03283619441313
-1.42614991798501 0.256878913253928
-0.361263484004414 0.723682314600659
1.27251354998093 -2.10236047469004
0.297604289107037 -0.0373786479706017
-1.07461761971572 0.00438301319369804
0.915064722424869 1.53551445273546
1.94885984806127 -1.61241672235549
0.832348753992904 1.69553561729205
2.1847015946816 -1.06154701013164
-0.451395396352969 0.285491372454656
1.1537503736621 -0.862020596378802
1.32226674046573 -1.5900443667369
-0.308587836463104 -1.49057758627808
0.679641227900285 -1.28839170532867
-0.605965146703391 -0.762949176918574
-0.413914142673998 0.51185018112335
-2.21814863657454 -1.59692969176266
-1.41902661865768 0.285189314416175
0.593649017298803 -0.211933836806202
0.827063011629182 -0.516885282461795
-0.314027646556178 -1.70562529779912
-2.06878709194202 -1.43287945888033
-0.858114049813953 -0.627367170824297
0.263569651048352 0.829254525728997
1.14810332370394 -0.922114437385722
-0.206640914291557 -0.216200497541034
1.64077870088068 -1.31696485981382
-0.617237993762535 -0.113097508310271
0.467873969016304 1.25953035613542
-1.04180826857602 -0.274448251305059
0.562351400471485 -0.305457001363903
-1.42463506586618 -1.16422887932295
-1.30318986033755 -1.4578765740046
0.301877979109208 1.06300364001874
1.75194664988966 -1.43152690628509
-1.86086210676857 -1.38214785751824
0.853331415079026 -0.856999101851128
-0.938933299480103 -0.0662931134815569
0.014727326676399 0.408234942956465
-0.726205664600793 -1.14992102678908
0.336409443031748 -0.539471727313369
0.47986686511358 0.925195063053854
1.4611293645641 -1.26360887538776
-1.02105773255478 -0.0840047965825582
-1.7899216685756 -1.27485843625157
1.63529135447762 -0.253076979863437
0.508366408474346 -0.914812610720273
0.430621890816332 1.06770873061156
1.70596141559696 -1.35621499024357
-0.078863359012452 -0.319374101357757
0.785273123541071 1.07399610544409
-1.54852356186013 -1.51576795019588
1.74264237975063 1.65109583031313
0.709512388098205 -1.24100119362362
-0.800576271285326 -1.21589147637589
1.58549414641866 1.10872153174767
1.65914295300087 -0.447346216081084
1.07150130988676 -1.32582618819706
1.27361422093017 -0.455510668715698
-1.61837764418668 -1.37130208494103
-0.633145949882314 1.12857346568455
-0.356119952060716 1.27293655512025
0.687674185272152 0.6551795695429
0.266361485752225 -1.15538271063426
-1.4399833753381 0.0129865810798588
-1.25222899357911 0.00623724206399735
1.58795768857864 -1.44800782953649
0.440162093762261 0.050058621182864
-0.334055675232649 -0.244324045899836
-0.978813367898021 -0.544476537440749
-2.00915414985673 -1.37569976264839
1.12524639336603 0.954499886167722
-1.09770849776907 -1.63964519298677
0.183318516697929 0.487121968344622
-0.18300685235977 -2.09198090374094
1.44978937357665 -1.03377132875446
-0.754865033301688 -0.617164860204214
-0.274447593639349 -2.28645516794161
-1.10503970585926 0.183354944582053
1.57213422635921 -1.60816896378567
1.26858780370618 -1.85888579264164
-1.63162271112741 -1.51725296341672
1.58108816925892 -1.34885323097955
0.841363453051304 1.12384130396453
0.541641297195425 -1.26919512659183
0.066176433519047 -0.0371401801653744
-0.511436040760036 -0.129063103360256
0.55218088110153 0.925744776048984
-0.86822347323103 -0.576822403641726
-0.556160153107668 0.712237405316364
-0.23720322366865 1.043587192762
-0.799307153505836 -0.263561073925436
-0.598925643136098 0.957062102261452
1.19128163794502 0.911377168088382
-2.05824162453332 -1.52498079546045
-0.835678923857067 -0.743703325529133
0.229990857526263 0.259858887450023
0.91648237436696 1.39431780944054
1.19110274150098 0.281594162328591
-0.520258846708356 0.284010455904867
-0.429866649337022 0.725589022544357
0.754425892869185 -1.79518598632449
1.22859945402179 0.264841300347415
-0.283740244861662 0.916324451038645
-0.301682921479513 -1.62092074005229
-1.03982122741831 0.0971153506272363
-0.877811671879496 0.147048375595825
0.831492722423296 -1.33923998826145
0.0800265133496896 -0.575069536245632
1.70811494141494 -1.21184203264324
-0.11623571857925 -1.90550707042074
-0.600042231807254 -0.419892237013741
-0.182643013531392 1.04942426844124
-1.25374635283841 0.284691286290778
0.815464673988201 0.649457679266156
-0.711113271939901 -0.637271105074444
-1.60923765652472 -0.251337380941823
-1.75953107442847 -0.945954674089023
-1.14630313693732 -1.04078473270158
-0.666241882560697 0.542741258844585
-1.15609937086681 -1.80109423403715
0.665381502961358 0.983721649398174
0.354175008216916 -0.536289184249163
1.24806791531698 0.400398548329372
-0.205503414353867 0.431984620066236
-1.11135733423122 0.188869561824016
-0.476834394161661 0.897934242719407
0.36311863819539 0.390565218944792
-2.75074003546687 -1.66491656745068
2.05899054764966 -1.12024864508344
1.72829355847627 -0.970976888438577
0.611030808932328 0.693925838101026
0.358439308733739 -1.66938693647962
-1.36373507202162 -0.0907415206791957
-1.33865731735802 -2.07668073365314
-1.27049147018732 0.336879800791425
-0.473963096684086 0.688903861828535
-1.15753147295713 -0.0061913774622188
-0.876188692240629 -0.94411188880507
-1.01425623439668 0.18246543722156
-0.648858112038061 0.455270781407434
1.11753199771769 0.796774711864046
0.166347876460714 -1.71974485850935
-0.620864760217893 0.0185679388075904
-0.0468685410860478 -1.46785258017227
1.17412195358862 -0.0880632079968592
0.428473343790913 -0.309147260710696
-1.26130487325937 -1.67027914680205
-1.00157764912602 -1.0647398569364
0.212363029257863 0.0122616306359495
0.0481236866435915 -1.36228169618341
-1.49743346908994 -1.4962098717543
1.88067424499281 -1.418872466037
-0.320120492981341 0.597668419891515
0.572938119305512 0.465283785507798
0.0263956377918119 0.677389421549669
-0.067663600398092 -1.59053168984818
0.500350951231299 1.03210523892829
1.11615075622802 -0.555667292540469
0.00348582048653669 -1.20607907027705
0.488409564689554 0.87364946034439
-0.664340099450346 0.718299502558569
-0.337342577182535 -0.74959808425422
1.33549732859772 -2.311639862034
0.901581041280902 -1.46165669446486
-0.482258978198868 0.466897534782283
-0.504264050757535 1.39576481610326
0.546261564910283 -1.55498607331156
1.2805335761986 1.4831669264706
0.647746808792145 0.840159375452458
1.65450945626125 -1.25913160533261
0.00896330585288847 -0.460469264171416
-1.09251744623444 -0.730748597718844
1.62534726537909 -0.671915983684265
1.35194363959811 -1.73981277554612
-1.24066732404384 -1.74325491349605
1.04486548136219 -1.08048677705877
0.138770555946791 0.283084780074745
-0.277953931838215 0.762499232627134
-1.94105499766744 -1.99457623645515
-1.13023998732615 -0.769423826053307
1.59853710132098 -1.92194300190355
-1.10441677471082 -0.683240968191632
0.876121226591968 -1.33493559395443
-2.2450716762728 -1.91710647260266
1.32649825021233 0.0627499131528354
0.914874420942329 1.29185950137326
-1.59813379654712 -1.94622294006379
1.41008655597731 1.12084682110994
-0.50094322812005 0.0929922282495631
-0.496212228105055 -0.913336978148798
1.15951053667384 0.241338449975524
0.0784573029392928 0.7669735255747
-0.192583822447076 0.811193992837329
0.391522611879852 0.296801841921188
0.485010508001973 1.14209753783888
-1.46455657612899 -1.49175906081381
-1.35002648009355 -1.36490692433128
-1.26189913913579 -0.222872297163946
0.241396741549195 -0.336312048499441
-0.0175755702774002 -0.0100760154482117
-0.794632759030026 -0.687972340820498
1.39027524430178 0.332491615854567
-0.564021275389098 -0.40870984929559
-0.659116863653591 -0.965142825730253
0.489517752399244 -0.323823253767205
-0.481141729664268 0.972298519270393
-0.226022161303429 0.645337168311174
-1.75762669121692 -1.12120093131224
1.29629479168531 -2.01607412613078
0.890880847400045 0.230464644707073
0.439317731255644 0.565871582207192
1.35756473502941 -0.181917852529525
-1.7886313355272 -1.48953231718638
1.77918375381552 -1.3324813886641
1.30162549362628 -0.270438952833847
-0.0723812262314715 1.05512554014968
-0.162377904614468 0.824799365011305
0.383395322844994 0.538892909713713
1.70498521102203 -1.55410060591754
-1.34798694104977 -0.124302178268277
-0.306795163915656 0.454580800337619
0.956946514240564 0.412863688075879
-0.418236231272984 0.925442176654893
-1.26110617705004 -0.028642815367379
0.988398089165556 -1.51960218328066
-1.35115199805792 -0.0864087080469125
-1.41151480740342 0.110113649845147
-1.53511823848055 -1.14663499944304
1.16096835831996 -1.73282428301674
0.934248856032276 -2.03459288365696
-1.44767481505094 -0.335965658170283
1.3685945804221 -2.12380690791072
-1.01462350211157 -0.425505653763033
1.06942652886106 1.46793927261292
1.47713393025964 -1.12280754595431
1.66352733187704 -1.93617597541749
-0.320069443382023 0.223125151445097
1.39235387268787 -1.80144987715394
0.300974244362723 -0.710554278899527
1.57157853726892 0.0715922080174595
0.487004547501076 -0.681557870529658
1.8745823858564 -2.19525243409327
0.40740259975646 0.441808974801451
-0.0964703078263471 -1.62512596283453
-1.40097838550491 0.180193435020363
-0.648229015278232 0.987996679793175
-1.56872897566099 -1.24777346627707
-0.772152499499051 -1.54850759604724
-1.83349743851942 -1.5102872389095
-1.0315629305877 0.30110215422921
-0.407736909099357 0.436228007847723
-0.63750212294542 1.13997818155449
1.18424188591943 -0.238845415667473
-0.0702884967467888 0.296834698400412
-1.24508690625215 -2.04184158985641
-0.0545591882391069 -2.05019420724702
-0.488757862924062 -0.300357975329229
1.49279673882499 -1.33717247648338
-0.258886218834141 0.204318744463445
-0.0038163217295597 0.84415031825815
1.46604765747788 0.994529091037024
-0.166143853402556 0.542282266436374
-0.502137904472688 0.914416079908058
-0.703754226447552 -0.88880534414581
-0.719335081882253 0.776472391000742
-0.769886443496425 -0.460223527524141
0.132789552144612 0.77827194944631
0.17166292512381 -1.70150778389366
-2.12585901690635 -1.29322101331806
-0.27138582021916 -0.538113075308484
1.5960407650871 -0.200078812609829
-1.83739026535286 -1.25613440864502
1.2267089982145 -1.50091479357598
-0.769901253425062 -0.539576582735387
-0.467516591973926 0.667899750323522
-1.91709517518063 -0.870045956937199
0.492875605859675 -0.52486444550272
-1.31332904258586 -0.339322925440682
-1.85420509803984 -2.28510017272103
1.82315130670805 -1.36042860206609
-0.307839452562665 0.918147014397873
-1.46735434051846 -1.13533145313171
-0.267940727402412 0.311237492499825
-1.01423853166523 -0.444265323850081
0.193779377676465 -1.4376342419811
1.51539205060795 -1.67022823521464
1.32593455085793 -0.371981164146466
-1.11050801496728 -1.35920657742342
-1.67312556274519 -1.34761152192391
1.31579272399362 -1.24466862222257
-0.444769418501739 0.557376009301283
-1.58209012307467 -1.73707212324491
1.32395019366303 -0.250076805211829
1.49775142464998 1.64506737508942
0.294058707090359 -1.97599876923594
0.598153432281256 1.52390955400653
-0.402543221063986 -1.55657992869302
-0.263020117221556 -0.0231461128025816
-1.76318949223966 -0.00348757426941483
0.223082517202968 0.775867823021856
-1.50945296420905 -1.68321925067788
1.44661711433313 1.14395373727469
0.178302658549448 -2.15033852956152
-0.0456333746371701 -1.67683537214584
0.424410156347915 -0.899263207805122
0.876709278794593 -0.745600016320412
-0.311555645457244 -1.15010175682301
-1.3396759790247 -1.93789505699016
0.469064466423586 1.19756692055355
1.09993928797145 -0.510146652764186
0.98293742844727 -0.243479425917989
0.714990144052013 1.2003950397797
0.540067705386495 1.33913284738264
-0.214884419704132 -1.65775768480236
0.343122334482989 0.412049309084761
1.58487635810381 -0.984188384704065
-0.738755630458981 0.653264986891296
1.27512707376 -1.45226539791487
-0.194958950290801 0.374587195600236
-1.30291686025869 -0.459607674223536
-0.6728017280757 -0.796334557800991
-0.434703644009767 0.834618486049321
-1.37887355225058 -2.09436186087282
-1.37051744755539 0.227333058393558
0.368193303718358 0.587358777267149
0.755731307956485 0.84915784640619
-0.387942921422671 -0.531489522688724
1.29000755604027 -0.970925183849317
0.342095679468394 1.03767856023255
-0.362661228750436 0.0874802410350968
1.29199649053128 -0.334940527012585
1.61388235581554 -1.8754303551195
2.51689957252174 -1.77262659029875
-0.813719133069422 0.779764780580272
0.195499454302417 -1.26586188445432
0.78712888662252 -0.584830757456069
0.978730379853583 -0.547837096577219
0.77824569650587 1.22057685366131
0.543207284253553 0.79606717786389
-0.666661811046668 -0.45974089035308
-0.213997255830699 0.111265845437021
-1.13938991281352 -0.208141366917807
1.42020326197164 0.11118499137425
-0.0621842697748043 -1.20693987058183
-0.963035308355977 0.222747638774984
-0.962613199462499 -1.8536837654849
0.67026867020446 1.06901513006228
-1.09560388371634 -1.30346910852538
1.41731319893434 -1.38829144805529
0.00540111459982584 0.298032228265013
-0.0075454382860717 -0.0534178825180625
0.715127317965626 0.889829370574959
-1.77641662406635 0.141498319534845
-0.60493168181967 -1.40361878433048
0.841026066386224 -0.417678299623343
0.787915029011535 -0.710951464942
0.976082193446276 -2.11777763831473
-0.275782646031196 0.820085472285261
1.13958777233031 1.19802695710465
0.635319276443047 1.05461912297056
0.0972966215667436 -1.54009784073607
1.87921517596355 -1.57236274478666
0.337125021893437 -0.628169150283333
-0.0695317225704452 -0.571202975190715
0.321262512713009 0.0127900022951456
-0.149454813285459 -1.53369644676875
1.52770082610978 -1.56091742165014
0.0685188313056032 -1.37574677664222
1.64995855702437 -1.18183630210626
-0.967878611904571 -1.08712217354989
0.301379839040904 0.731140946061982
1.01563198727176 -1.89332150709335
0.107466563140692 -2.09972864138771
-0.953038070359393 0.415261275829301
0.615874642543033 0.186969574407637
-0.266961238973374 -1.2112722551362
0.924245797811536 -0.106708036770059
1.22787603996381 -1.72791522756115
0.843995175256291 -0.340710126050995
0.235310560837965 0.593629873111615
1.46700713598239 -0.43876428361457
1.15898017021195 1.26648465607969
-1.30700862934696 0.338247811597169
-0.620393845049455 -0.775366668912213
-1.5830183957746 -1.41785732655614
1.43464882770671 -1.12787792483327
-0.212178783448809 -1.77747071757175
1.78691736709861 -1.74136257675244
-1.15329105902086 -1.55938089937452
-1.57587088099073 -1.17730481099415
-0.743369136754168 0.680635460998148
-1.61337176834863 -0.996607131840476
-0.0965014888847626 -0.184861377349449
1.07484634585212 0.15125974904831
-0.0430736763508001 0.0993375838620579
-1.17593232327207 -2.01400749215105
-1.59173936502086 -2.22086484087383
0.652731614426251 0.732782900767933
1.27659034843753 1.03813420770355
0.688043250519232 0.497785893751168
1.11629201655052 -0.125466800909673
-0.979375903683575 -0.194573715801164
-0.449552011588065 -1.70366425420513
-0.870352457529124 0.236346701236254
0.958898652856256 -1.12758659711276
0.945416453288396 0.955548448378036
0.758385007093196 -0.909042375843525
-0.656053906694028 0.710249950484998
0.515832541314493 1.27839380920312
-1.47012779455606 -1.59444815162889
-1.41061666827481 -1.17619908136608
1.69006511516043 -1.53147718399328
-0.25521710796254 -0.922723254617807
0.0289260549272365 -0.14287435486058
1.3172659084738 -0.981264538476179
1.29515426027948 0.721146676423181
0.691771647139041 -1.05397889738986
-0.359951482502529 0.21455292086067
1.4411965131245 1.38776934982979
1.26669853887693 1.31155678137082
1.20213904943366 -0.171627630490228
0.850585968681758 -0.968094168792241
0.233582291427171 -0.452322634954257
0.81113800729659 -1.25763403236763
-0.775365737193447 -0.602745703681613
0.661054603647904 0.616573492249449
1.11773791372706 -0.452418634607767
1.46434769165579 1.31951227261845
0.677412752392764 0.222737114687956
-1.34755974537082 -1.69150895293386
-2.07347888762134 -2.17858543722848
1.20837169655228 -0.182410256229665
1.01407044885681 0.851202635494143
0.346468040069744 0.27802975652287
-0.345811655541104 0.00177704959493117
0.717233689684815 -0.820467188179066
1.11152426284887 1.4837915181766
-0.0895484253750857 -1.98932543456239
1.1048083959671 -1.15886650401825
1.60656989109482 -1.38765567043437
-0.592735230754957 -0.906668311961119
-0.90721884547485 0.924792641176074
1.23447618124892 -1.25114820624624
0.356205012441031 0.795837800982544
-0.956345280265229 -0.655728362195565
0.352233954712472 0.851456247569354
1.68332150204964 -0.14007613948743
-1.05908915037133 0.0748493278410818
-1.49062197331269 -1.636013422952
-1.23716956542279 -1.98921374120323
1.17438634032016 0.106716109821748
1.25236125568947 -1.70531470845943
0.173909826436707 -1.28454334921723
0.887952442802775 1.02974492401788
-0.16318333392419 -0.0855714540041735
-0.238448555400346 0.28180117858891
-1.25895252291969 0.192299817275251
-0.212502684573905 -1.66672573180113
0.577292197407018 -0.44399743000094
0.174881216879556 0.0264154102032373
0.412199688960183 0.907763554044382
-0.27857627997672 -1.13987734581603
-0.661790898070636 0.924782982049902
-0.535705181393181 -0.640209332551079
1.5642253236169 -0.0459071322679219
-0.10294447223424 -0.0138045839399575
-0.235553505548545 -1.38391297576328
0.37078282329447 0.765140959766619
1.29271780719792 -1.34336154526453
-0.363461108679884 0.662410698592528
1.77183167470628 -1.40869646734804
-0.381955220929187 0.0429710020497995
-0.303639646956824 1.13655132189566
0.267897054490646 -1.40930659867561
1.42257066677231 -0.979793631626306
1.06360851790825 -1.28980936023248
1.41610539030447 0.042937658014508
1.0536363284111 -0.0184613128187063
-0.340886099294508 0.112943911484687
0.864313181665857 0.920971666769397
-2.13725866134769 -1.819771372265
-0.773990255194228 -0.825203976756002
-0.414849595462548 0.53235368902395
-1.52918718889064 0.0155289881478054
-0.0615545416835583 -2.10221038684092
-0.505172256239809 -1.12375944109669
0.928270307970056 0.668653512000881
1.02070625540694 -1.0082601154586
1.25991034015559 1.60923889437478
-0.508161205216885 -1.34228312932509
1.5013414672544 0.143079600938221
-0.493862403616323 -0.308504051403178
0.257303974984382 -0.91373965387599
1.37042782725885 -1.64860250905445
-0.444412388426325 0.783730976771553
0.999801724334158 -0.610175601294611
-0.262450898283134 -1.94026893717762
-0.363027349389685 -0.221110052835598
0.765414464326435 0.506828151962351
0.883486418950965 1.1981005032973
0.771056357085124 0.851926722254447
0.482095666559827 0.760157107168692
-0.914356521929693 -0.0258377662657106
1.89697371752648 -1.44027322648647
0.0883094080945685 -1.73966275789073
-0.697454705817257 -2.03335708179561
0.417933093568918 0.739628747016677
-1.033711621081 -0.681151761663563
-0.0798313522598098 0.0893899761414829
-1.6429902800519 0.0692492983893569
-1.50999848583951 -1.24426052745873
1.21253937551984 -0.735802590970021
-1.93917377412213 0.0835081872915453
-1.13220134921088 -0.65720774807719
1.05723600941943 1.44145593571933
-0.788252218130021 -0.440852563327722
-0.586507693985346 0.957934806717607
1.19981611493401 -1.61247323085418
0.500485381042614 0.618216143935356
-0.892793796885148 1.09490425177789
-0.438655716973982 -0.891622441646241
0.862270736133801 -1.42375593088124
-1.38831219567864 -0.22548226702404
0.332427031987617 -0.452601004543682
0.109916094910523 -1.58974727386795
0.608725253613848 -0.306418037899589
-0.694113449061238 -0.762228255666215
0.63283540640263 1.14757364852228
0.243940850154261 -0.508929441222328
0.250387852564568 -1.67301032159514
-1.89127912391614 -0.244226644906556
-0.249177179908588 -1.5730675012547
-1.18567598708419 -1.16611740187661
0.57574443973237 -0.880882206016977
-1.34551741603274 -1.56555295045867
0.585926227717261 0.308514764540964
1.2296988712506 0.110029159005782
1.15915091695699 1.12126052139156
-0.611086677056497 -0.743961797947675
0.282388428481782 -1.52501169056393
-0.217460984108437 -1.54006055774994
1.36916449296679 -0.0598699772697787
-0.0950398666879312 0.138152167137367
1.26349922926777 -0.0392468568029456
0.784445492638463 0.964281426822286
1.58548610027391 0.0496362867870849
1.30006608173574 0.0732987532845951
0.0860250981369312 -1.88389076274271
-1.03176588592879 -1.47428837687147
1.16761955229946 -1.48585932447307
1.74323839030296 -0.843115714640993
0.55242395946478 0.739837746422201
0.997774948962021 -0.855970542903061
1.3847330411372 0.157727727989493
-0.748533964970573 -1.36581734801993
1.70660783480343 -1.64602413934231
1.28124596073597 0.25774742184012
0.281900951011011 0.696930444374488
0.627410183732763 1.16802822099193
-0.431597437694066 0.494428639637081
-0.465368398390826 -1.84074666095982
0.959361270055994 0.214456254856019
-0.583737842274248 -1.44056987896084
0.417980369878593 -0.614900874816358
1.36823524668302 -0.36057360691875
0.521007120621755 -0.77485723549549
-0.448405547354391 -1.83106439850665
0.669758843633868 1.42748459822255
1.40919879232847 1.6076090881187
1.47167417506119 -1.21756036665349
0.603528432116091 0.957779827765091
-0.427862153757273 -1.63240883121275
0.25061972479562 0.977116233031203
0.0620004402938614 -1.65634956270424
1.58781548614439 -1.93875959117162
-0.608411486199049 0.091463861983428
0.0603288543900996 0.221718726474789
-0.307436825366366 0.135440157443462
1.57104674935669 -0.464265165501216
0.106670654034314 -1.65033711534476
1.53405467856664 -1.84552966084466
1.72459679159888 0.0687612627973538
-1.2722826534003 -0.206954379709915
0.308613734917207 -2.01103950810816
1.4695702204644 -1.62959735159831
-1.63793346956558 -0.889590522072772
-1.11578939463158 0.153865890449144
-0.276123351995804 0.973941373392242
1.76364111329585 -0.456719557573897
1.62308879509445 -1.17474026330813
-0.464831081636616 0.392893555011605
0.63892198496197 0.533704519125502
0.139947831429867 -2.08916363815576
0.269447154293766 0.00781522291823976
0.988065390011797 -1.31438861169729
-0.688717801349698 0.560428027013593
0.687895326555071 -0.377352623190529
-0.425341098410468 -1.0753277944288
-0.272913968523296 0.625100603411125
1.11470422662368 0.0642648611710607
0.131987563746318 -0.0837864180792461
0.147539413764379 0.129100417165593
-2.39696578610216 -1.40189308648409
-0.296472080735635 -1.57939950210477
-1.57096684094486 -1.46616195900922
1.59636102992352 -1.84141767164037
0.849213577453865 1.47613136404818
-1.1878500570202 -1.01874367905221
-0.289946384398391 -0.16518443889899
1.07830785478065 -0.573726301859703
0.945696068177458 0.538203962767449
0.687641370550445 -1.04357371022959
0.0317940219905547 -0.882289838827111
-1.51732110303512 -1.61600791200438
-0.87859982000866 -0.993297526750361
0.257627674056341 0.424763353447003
0.766583365925447 -1.5884819829948
-0.340792055502393 -0.492182050431806
1.69836501336754 0.587348194484178
1.66742894278653 -1.15561015916823
-0.028046220397399 -1.56799108264969
0.302473329962327 -0.0936552926536673
0.803767409380004 -0.633664318891568
-0.451990332151999 -2.17257721265589
-0.648563917815859 -0.716811774289079
0.599028551008736 -1.03773554913622
0.256253349287194 -1.15202241970091
-0.0659806088441429 0.825091302924578
1.50649513000461 -1.89446941323826
0.154201738284218 0.407386119452432
-1.11869330299563 -0.156506182266779
-1.00990388870717 -1.34593518996374
0.546973430194994 0.154502315435944
1.53851254243984 -1.66447396599118
-0.543392018177458 -0.639310403487858
-0.691746661939074 0.743787062757568
-0.604785923752615 0.692127054163082
0.246098813130152 -1.55412017955095
-1.15449628817072 -1.18877433156659
1.28389392085327 -0.359779218986574
-1.4015209774517 0.451728375902006
0.374249170748351 0.226015803696083
0.354183233754761 0.49615515229015
1.37229391357217 -0.314163151914496
1.54127691048546 -0.141668722721245
0.201302987874319 -1.15329874698056
1.29505846024902 -0.327193054874955
-1.93741078302168 -0.0886576904895576
-0.55378132173108 1.43970512386746
0.0530674835710281 -1.0279261772537
-0.086090489952117 -0.737426764371573
0.972234608852849 1.00257108098292
1.26598733677683 -1.56718191689992
0.433810221834017 0.749463084517504
0.24659314552173 -1.35309790341609
-1.53596144529308 0.0884461495093451
-0.581814480238424 0.334442699191123
-0.274285762465504 0.603893762649362
0.983384442013991 0.694634364295949
-1.47433428181838 0.071638031658384
0.916915752646114 -1.34612896258695
-1.88762441174013 -1.67529275678985
-1.28175310394908 0.157308393413
-1.28831697887456 -1.17736978881842
1.53292196702049 -1.89586821628972
-0.89988228657026 0.606106493511301
0.964593370031044 1.31722773638052
1.80908665292791 -1.33436278602067
-0.233584740673494 -0.0708404142645634
0.662794278616717 -1.67513670862229
-1.37599537586202 -0.78627466441657
-0.290310079719694 0.643164793789551
-1.0094720703285 -0.964812585717841
-1.44800501088984 -0.054703912841972
-1.72608784311785 0.0888647631577632
1.87812823878946 -2.06728870042171
1.65114285773357 -0.512764225608438
1.30492131821274 -1.91796227544222
0.745378105768663 -0.197956523363412
1.21442962839751 0.0200895432830871
-0.629922608045122 -0.746087705639044
0.138810419445791 0.221846851831314
1.30638864503138 -1.49208208257801
-0.830343424289724 -0.399149681164853
0.100756423581582 -0.947946887722708
